[1,1,0]->0
[1,1,1]->0
[1,13,9]->4
[1,15,0]->0
[1,15,15]->14
[1,15,1]->0
[1,15,6]->0
[1,15,7]->0
[1,15,8]->0
[1,16,0]->0
[1,16,16]->15
[1,16,1]->0
[1,16,7]->0
[1,16,8]->0
[1,16,9]->1
[1,9,6]->2
[15,1,0]->0
[15,1,15]->14
[15,1,1]->0
[15,1,6]->0
[15,1,7]->0
[15,1,8]->0
[16,1,0]->0
[16,1,16]->15
[16,1,1]->0
[16,1,7]->0
[16,1,8]->0
[16,1,9]->1
[2,2,2]->0
[2,2,3]->2
[2,2,4]->4
[2,3,4]->2
[2,3,6]->7
[2,4,5]->2
[2,4,6]->4
[2,5,8]->7
[2,5,9]->10
[2,6,12]->16
[2,6,9]->7
[2,7,13]->16
[3,2,0]->0
[3,3,0]->0
[3,3,6]->3
[3,3,9]->12
[3,4,12]->17
[3,5,0]->0
[3,5,10]->6
[3,5,11]->8
[3,5,12]->11
[3,5,14]->18
[3,5,15]->22
[3,5,1]->0
[3,5,1]->0
[3,5,2]->0
[3,5,3]->0
[3,5,4]->0
[3,5,5]->0
[3,5,6]->0
[3,5,7]->0
[3,5,8]->0
[3,5,9]->3
[4,2,2]->0
[4,3,12]->17
[4,3,5]->0
[4,3,6]->0
[4,3,7]->2
[4,3,8]->4
[4,4,0]->0
[4,4,15]->20
[4,4,16]->24
[4,4,1]->0
[4,4,7]->0
[4,4,8]->0
[4,4,9]->2
[5,2,4]->0
[5,2,6]->2
[5,2,8]->7
[5,3,0]->0
[5,3,10]->6
[5,3,11]->8
[5,3,12]->11
[5,3,13]->14
[5,3,14]->18
[5,3,15]->22
[5,3,1]->0
[5,3,2]->0
[5,3,3]->0
[5,3,4]->0
[5,3,5]->0
[5,3,6]->0
[5,3,7]->0
[5,3,8]->0
[5,3,9]->3
[6,2,12]->16
[6,2,4]->0
[7,2,0]->0
[7,2,11]->10
[7,2,13]->16
[8,2,12]->10
[9,1,6]->2
